gene_id	T_1_1	T_1_2	T_1_3	T_1_4	T_1_5	T_1_6	T_1_7	T_1_8	T_2_1	T_2_2	T_2_3	T_2_4	T_2_5	T_2_6	T_2_7	T_2_8	T_3_1	T_3_2	T_3_3	T_3_4	T_3_5	T_3_6	T_4_1	T_4_2	T_4_3
ENSG00000111644	1.0769278568403564	0.9329717881060066	0.7594022802396686	0.4585957526662508	0.615206516910898	0.8533321972221681	2.8742533263803454	0.33217121633954055	5.49266325308368	0.24271421881873345	0.7656825182239057	0.22941697550492848	2.200404938368333	2.049041076522361	1.3617089063924734	1.1431259120087152	0.5170624365611117	1.1243359402096498	4.132756669885335	4.0726142560526215	1.9163816639078424	0.9999831671605424	0.32492196392770123	0.5910054232170608	0.6865976042194962
ENSG00000117148	0	0	0	0	0	0	0	0	0	0	0	0	0	0	0	0	0	0	0	0	0	0	0	0	0
ENSG00000104755	0	0	0	0	0	0	0	0	0	0	0	0	0	0	0	0	0.20420126263679478	0	0	0	0.6916855633894495	0	4.668928279962387	0.01591385802045557	5.115322661290242
ENSG00000168594	0.16231746498936522	0.15751268347601347	0.052965078665942425	0	0.4071496008510197	0.010757018487505456	0.37445050135954244	0.2617072758133697	0.10818742460329334	0.887292886379634	0.3167100427906166	0.5339089757802743	0.2986649683904808	0.07137237518074052	0	0.30396364690646377	0.1810565623208414	0.06074255992000525	0.05300577880285439	0.05448710290910733	0.41440755006495633	0.16586428460835326	0.16263263691324412	0	0.16692131400118865
ENSG00000111254	1.759482019018894	0.3832937318082566	1.288860186327692	1.1605769636102763	0.9435847231051682	1.3960688263631809	1.2149246386703672	0.16982464510024436	0.6885389832925409	0.5584013400274128	1.6000929661881702	0.85261452133355	1.0525718827683113	1.6210003663734744	0.7402445040900261	0.5616010744182249	0.3377824163962528	1.4288479648503085	1.9654866126897204	1.6352734021096726	0.42213163059797276	0.3901627554322828	1.3778057083736739	0.6169003594558137	0.46636495843405806
ENSG00000147081	0	0	0	0	0	0.010584664540811034	0	0	0	0	0	0	0	0	0	0.016616300009376764	0	0.014942328602720153	0	0	0.056897821369003274	0	0	0	0
ENSG00000183831	0.12785786961211884	0.4776815555102753	0.2379626467653746	0	1.1639472935566795	0.02330165786548	0.23175081938688769	0.5039160378247252	3.2088420399553472	0.7400949833206962	0.11760883479919189	0.15661532194469782	0.014872704005869125	0.10307036095798092	0.09413602836427969	0.07316005836855777	2.130961121266377	0.31798361981395956	0.15309353906841386	0.0786859810980733	0.5288669738012906	0.1796460988021746	0.45667463479093373	0.10086492556237839	0.21427076471489956
ENSG00000165309	0.006279631758703508	3.860998427980916	0	0	0	0	0	0.8538547308297757	0.4462370093177548	0.4361897137016534	0.030806714835241007	0.09230435819715367	0.5609935501570866	0.9979793537738493	0	0.028745558010220586	17.659991673668515	0.10339860821359373	0.05155927162306511	0.054104341196524894	0.07382327701841959	4.298647006271495	0	0	2.817728290543997
ENSG00000004848	15.977101320750076	25.97357847823442	6.067990179740857	0.06911826372876055	0.031790467962585355	0.030866839658029867	51.24714650925205	30.40548299037555	62.35854792039036	0.02926496425577193	0.15579204995075996	0	42.83066517297138	56.3883248834426	14.122104688680325	28.847593663870544	15.603357442396796	0.05809945880595235	0.014485522723580311	0	8.609641657847929	23.78118595977085	32.666754945305236	0.10392045691906358	38.81464328304283
ENSG00000156802	8.672612801903009	6.442573796337655	3.648890258216292	2.9283987036734382	6.797227415817149	4.115532248353793	9.281457111642467	6.79222039715862	6.975384787361393	2.663338447702579	18.87400936865435	28.585265667836968	5.14993560541257	5.54340190826324	3.5686338569610077	19.162654372855954	2.415353193485847	8.905935112006565	7.33162494316315	8.388784481327162	6.315089193745673	4.933309593514647	3.6614371247146345	3.5225773005969123	1.8595439274938521
ENSG00000187172	0	0.10348930758822927	0	0.01055069966918433	0	0	0.015620459640047577	0.01273684838251833	0.012150687940456605	0.055840134002741286	0.05284710714015975	0	0.4811757178369423	0.4019419275803615	0.01189678667287542	0	2.3923806796065037	0	0	0	0.5628421741306304	0.02421699861303824	0	0.022661645857560503	5.551247408457014
ENSG00000137948	0	0	0	0	0	0	0	0.011211724142540408	0	0	0	0	0	0	0	0.010851680718097835	0	0	0	0	0	0.021317228552577352	0	0.00997405772371595	0
ENSG00000183324	0	0	0	0	0	0	0	0	0	0	0	0	0	0	0	0	0	0	0	0	0	0	0	0	0
ENSG00000154040	0.06307569270833216	6.140444794672433	0.2817439488826551	0.5189345279309492	0.02841432756472181	1.2047104256657821	0.5853637229060309	2.908563884366126	0.7114639322196176	3.2303934238003764	1.2841665012875787	1.3408017107669472	2.3420026507519944	1.5864374587748928	0.0417958291836955	1.1982479422089056	3.7767962368806196	0.7140280072973205	0.46609788731465185	0.5279233088884797	0.4778665760845019	2.070261442855141	0.787870479696102	0.7563421872322432	3.4407132295031655
ENSG00000164304	0.037554379959412576	0.040087000375958935	0.01996980750106136	0.04904227245829913	0.05639163613528384	0.1277575943920507	0.14521555188013469	0.044403025976082124	0.056479415319923607	0.10382352457131731	0.10747033465700388	0.014154157330190357	0.05242088068146694	0.32868696505194916	0.05529921916870602	0.014325702115745789	0.10751748208796305	0.1030599343330878	0.03854279501101887	0.0770387524991817	0.06540575535326038	0.05628331207131645	0.10730748325335242	0	0.031467776432959296
ENSG00000269058	0.06142717355578735	0.06556974531562629	0.048996501842226724	0	0	0.022389783064315164	0.04453632098629917	0	0.06928694171497267	0	0.1130063926267567	0	0.0857441006627675	0	0	0.03514852559635462	0	0	0.2521756408733981	0.07560672537376015	0	0	0	0.03230591023719317	0.038603551032886124
ENSG00000137812	0.19295623615243543	3.4236618804342727	0.08550487089783713	0.092393249005462	0.1979910344709816	0.5657756196362278	0.23627278659443673	0.9734182974565422	0.7641775096522875	1.0046647953414183	0.15250901748350493	0.28605068651625387	0.2573703290771743	0.6992264556975222	0.08523902568350934	0.26007508554188524	0.6839610362286965	0.32212890669967564	0.19803476090295694	0.1952755750421697	0.6329091608809411	0.7518846476695893	0.3990731651761888	0.41945048313135397	0.37187083174986757
ENSG00000168491	2.0147382891977554	2.349740249258494	2.678378383811707	3.033012679093872	3.6976254315463453	4.025371286608812	0.955791791896969	1.6175148709887455	3.8436607420473257	2.3208259429322693	2.3337067176834556	1.57494838575705	1.8054301127667955	1.4780584748097556	0.2197572818351181	1.8359883068934542	2.090575693535648	3.302051669369538	3.6632632703658032	3.291106842404912	2.046872558553159	1.1043609214706405	0.8528728323769561	2.250005177844038	1.3443080394491125
ENSG00000140481	0	1.6216759777979142	0.04986770564454228	0.03673984749667601	0	0.004557578885495733	0.009065643717125763	0.12566540594757772	1.2693407145762916	0.019444757900243338	0.36805040762193764	0.028276100362047422	0.22689864930717835	0.4406305057210981	0.034522681099097945	0.02861879950405887	2.477759055360715	0.41177061672087767	0.2823255165709928	0.2000728182258976	0.28582454646463024	0.583274851374059	0	0.019728203790650108	0.7386512181561371
ENSG00000173421	0.1723971909427364	0.6603194091308647	0.14559897259484034	0.3079032058510462	0.09136642107567217	0.3770255555645559	0.10293500861092729	0.16786543138196747	0.06863148149108854	0.031540527927713585	0.01243748252952537	0.04586547889829105	0.0849329543482374	0.2382427668988863	0.29118853951514184	0.25531746258062676	0.17420114425973157	0.1669789706707297	0.13530293744715693	0.13730104569778018	0.5960880432071052	0.30776933170423315	0.6706063346277309	0.43733734645278277	0.2294301494012646
ENSG00000130783	0.8009787684520878	0.33980601307786185	0.32763548661788056	0.48276846336753715	0.20816814371948997	0.6213321738079217	0.9232129604080456	0.6313667646810954	1.0887924857298872	0.9581540750376916	0.6800978180560745	0.4063863606356173	3.3541769957161622	1.2913897444793754	0.27218068948784135	0.45831870677732595	0.5417969567178252	0.4332821439013528	0.32671622677525736	0.2654273018933255	0.8718793491789905	0.9234145265532339	0.352108947385533	0.5076632254259114	1.3294142984556503
ENSG00000150676	0.018631260143775263	0	0	0	0	0	0	0	0	0.019315620748722718	0	0	0.026006741850025494	0	0	0	0	0	0	0	0	0.02094221160262739	0	0	0
ENSG00000198707	4.900366152840027	5.062826561667766	2.177548542569923	2.2010746976085156	1.930197900815347	2.728308792693283	4.460772158207881	3.850277652622516	3.517244857712118	3.4848189822715887	3.2688620073707986	4.647002865297884	5.202206258230545	3.7147005250698837	3.0188326960484444	2.60584128157078	7.066328697956937	2.9498496919036716	3.083657741983668	3.4548988208947216	4.580273488180145	4.647166003393964	2.492906608171659	2.8917742575979317	7.2670804636411805
ENSG00000138180	0.33387376693380316	1.824715756604776	0.13848099723046853	0.026160349225324866	0.24064543843328054	0.9735575680654817	0.3098461274087833	0.7737316100373942	1.2804188932696297	0.41536508064026334	0.065516924075312	0.2718062701164905	0.13049204745350076	0.3691151095643281	0.0884938735192921	0.15283360719654654	0.7046159145403501	0.09620571278123285	0.10965157766327338	0.14793968643097188	0.2093341905608908	0.8106182215777249	0.49063233976106313	0.4635618350443553	0.6714273051116383
ENSG00000160471	0.27174093591957377	0.2900668047813451	0	0	0	0.008612843969095431	0.05139635107370493	0.06984723306542309	0.10661248773561924	0.03674641076309427	0.04347100748626044	0.013358937200617834	0.2308867355749844	0	0.013048088608960137	0.04056253236159957	0.08698015659235905	0.012158717387213415	0.01212578434441642	0.014542100001324028	0.046298307872035725	0.14608318518187585	0	0.024854708359905067	18.79999161680753
ENSG00000147183	0	0.057564604629853515	0	0	0	0	0	0	0	0	0	0	0	0	0	0	0	0	0	0	0.07044159725315866	0	0	0	0
ENSG00000124490	0	0	0	0	0.0326072191157743	0	0	1.7801381770982139	22.468687138589793	0	0	0	0.2020747826884392	1.680495015619254	0	0.5964135193088949	1.0657647645704074	0.4469409948659477	0.08914608253207329	0	11.081094345235849	0.3254458311633598	0	0.030454385737433087	1.0189506474213974
ENSG00000198930	0	0.12888778234431486	0	0	0	0	0.058362156896881054	0	0.09079634944517023	0	0	0	0.11236246158280246	0	0	0.18424007373034235	0.543227717911986	0.04141980648391383	0	0	0.05257317011110284	0.04524054685952199	0.3450151773832604	0.04233494281082731	0
ENSG00000228836	0	0	0	0	0	0	0	0	0	0	0	0	0	0	0	0	0	0	0	0	0	0	0	0	0
ENSG00000236371	0	0	0	0	0	0	0	0	0	0	0	0	0	0	0	0	0	0	0	0	0	0	0	0	0
ENSG00000224089	0	0	0	0	0	0	0	0	0	0	0	0	0	0	0	0	0	0	0	0	0	0	0	0	0
ENSG00000226929	0	0	0	0	0	0	0	0	0	0	0	0	0	0	0	0	0	0	0	0	0	0	0	0	0
ENSG00000242362	0	0	0	0	0	0	0	0	0	0	0	0	0	0	0	0	0	0	0	0	0	0	0	0	0
ENSG00000236126	0	0	0	0	0	0	0	0	0	0	0	0	0	0	0	0	0	0	0	0	0	0	0	0	0
ENSG00000230594	0	0	0	0	0	0	0	0	0	0	0	0	0	0	0	0	0	0	0	0	0	0	0	0	0
ENSG00000237957	0	0	0	0	0	0	0	0	0	0	0	0	0	0	0	0	0	0	0	0	0	0	0	0	0
ENSG00000226023	0	0	0	0	0	0	0	0	0	0	0	0	0	0	0	0	0	0	0	0	0	0	0	0	0
ENSG00000228517	0	0	0	0	0	0	0	0	0	0	0	0	0	0	0	0	0	0	0	0	0	0	0	0	0
ENSG00000230347	0	0	0	0	0	0	0	0	0	0	0	0	0	0	0	0	0	0	0	0	0	0	0	0	0
ENSG00000226600	0	0	0	0	0	0	0	0	0	0	0	0	0	0	0	0	0	0	0	0	0	0	0	0	0
ENSG00000236446	0	0	0	0	0	0	0	0	0	0	0	0	0	0	0	0	0	0	0	0	0	0	0	0	0
ENSG00000234215	0.5317602743928536	0.6169799154830433	0.01844134511736624	0.022644321225813818	0.28641522608900544	0.03370834251976328	0.6369795009450228	0.6834079616080323	0.31293933801407436	0.1677847687657329	0.11342251295731288	0.6796824860829863	0.4840865651568396	0.4153564369408376	0.357466835746788	0.3439600324402867	0.3120487469541761	0.28551559398485366	0.1423711239176089	0.2845692372694655	0.5435971760672474	0.3118527754061947	0.2265012842579216	0	0.7846004214926992
ENSG00000231971	0	0	0	0	0	0.009230705723144628	0	0.014971576318258364	0	0	0	0	0.12372495769791732	0	0	0.014490792315869624	0.07768322830202047	0	0	0	0	0.056931924137825426	0	0.013318858412395109	0
ENSG00000230013	0.07857772827026076	0.0978563973222033	0.03133819761750289	0.01282683392439573	0	0.01909402834626639	0.03798061700321461	0.015484607091976993	0.04431597747055687	0.04073201669806635	0	0.029615760659295796	0.03656132540179389	0.25337618531088874	0.028926632673022475	0.01498734807162797	0.03213807931302898	0.05390992691350883	0.05376390674759128	0.06447748749097186	0.03421329068016943	0.04416210712508762	0	0	0.016460572564976177
ENSG00000184033	0	0	0	0	0	0	0	0	0	0	0	0	0	0	0	0	0	0	0	0	0	0	0	0	0
ENSG00000126890	0.044260969465423815	0.5669504866867747	0.1412165037990462	0	0	0	0	0	0	0.09177351328547209	0	0	0	0	0	0.05065210486242041	0	0	0	0	0	0	0	0	0.5563109922261836
ENSG00000212710	0.010180945721372677	0.010867535967878298	0	0.01994294864501833	0.011465776839876162	0.014843539293507065	0.014762908346396599	0	0	0.010554910666258256	0	0	0.028422471171744332	0.028138935037669763	0.011243662178673085	0	0.02498387634341562	0.01047728252963491	0	0.01253106601920903	0	0.011443751950567063	0	0.010708769411494887	0
ENSG00000150527	30.556032110280686	23.93612073841908	14.96882880790488	17.126431497162045	5.349458873290825	19.830674836580634	25.815510787524573	32.56833522644055	21.021900709372268	21.496528261646247	5.6568819154527965	7.025895921395249	36.743580434653616	30.642695505212426	27.481881999654078	42.33221187387431	29.755153103940803	9.81945353646767	6.741149110345935	6.575363884458623	12.883045608267576	23.50365531201997	14.115667923410545	18.164667047363356	23.419663446946796
ENSG00000124092	0.029537058252127584	0	0.007853269952534324	0.02892933780260219	0	0.007177369974246192	0.021415146280710385	0.023282411021807697	0.005552733736230169	0.02551834080770435	0.1086775187156511	0.011132447667181529	0.06871629034969774	0	0	0.011267370100444324	0.024161154608988624	0.015198396734016767	0.020209640574027365	0.024236833335540046	0.321516026889137	0.0055334539841619635	0.006028491002664496	0.010356128483293777	0
ENSG00000066032	12.149997372356	0.8716816706391884	8.407165720249582	12.636979759310128	13.98549808854412	18.084297609833296	1.4632442245960429	2.365554757854207	2.7567145385493532	12.904695727255412	6.281055775771926	8.395759608461551	2.890406891651573	0.6045576437837775	1.0178028614203596	1.3884390639288335	0.6369694811899632	10.390693038597359	8.087697000055805	8.486024603825058	0.7542906800757937	0.7671019547392126	0.2642903256610722	10.485289403047728	0.7697911825409827
ENSG00000169551	0.050869378100886396	0.10859989067900604	0	0	0.028644536237121175	0.055624617300407984	0	0.33080425660151774	0	0.2109516173436893	0	0	0.46154441684880315	0	0	0.08732211827844351	0	0	0	0	0.03322332277854416	0.1715370735090209	0	0	0.09590569709732646
ENSG00000204019	0	0	0	0	0	0	0	0	0	0	0	0	0	0	0	0	0	0	0	0	0	0	0	0	0
ENSG00000133101	3.6512055446486067	4.481011926373204	0.046721897469719983	0	0.04397846167725046	0.056934303980515334	0.4530002689037343	4.4094052454593005	2.8630497039618765	1.7408428448584508	3.639900262554584	2.649235702512573	7.004409299965352	3.696619771300309	0.06468976849222352	2.3685203259034417	4.959144067997939	1.7280394786838364	3.4467178387078645	3.5327418768209826	1.6832756624821876	3.4676246081539257	2.00847573719691	0.20537431163671005	0.2944914164090274
ENSG00000198876	14.942369944458006	11.622780605953746	13.543456341261816	10.454948707644293	17.103397010210514	13.513881531486373	13.957414643839499	12.60921424021008	15.981125435623305	17.951664864102597	16.015061687313672	11.942982735247133	15.369466106644532	9.07901271722655	11.102638252654089	11.341716464638958	15.647155678621735	18.050242917197494	22.40237955094181	22.1651935167342	11.508589808469413	19.451946352919123	11.375666122055902	17.51695332405731	17.6927007814088
ENSG00000080007	0	2.9451142159469654	0.10295740695481122	0.04740843023157716	0.16353885005863014	0.14114440337019823	0.04679256632260948	0.7058570601413241	0.6551736581109641	0.01672744102284761	0.07915425739054764	0	0	0.7135141413076086	0.07127590253352674	0.018464588887071757	0.17817521064073552	0.7139898800509022	0.7120559705333519	1.1319775639797163	0.21075588018107305	0.34458548687274676	0.03951715688090207	0.2715404261346457	1.1964975073992445
ENSG00000184735	0	1.861096969520553	0	0	0	0	0	0	0	0	0	0	0.01690080000666946	0	0.02674318987621582	0	0	0	0	0	0	0	0.014827098532173174	0	0.015218094084865026
ENSG00000104901	0.06634134744025033	0	0.05291622198960487	0.03248819218888458	0	0	0	0.11765964090718818	0.8605438160999607	0	0	0	0	0	0.10989937273660011	0	0	0	0	0	0.0433282277443957	0.14914015749614495	0	0.10467114916850587	0
ENSG00000137090	0	0	0	0.026465941992174648	0	0	0	0	0	0.014007239270284933	0	0	0	0	0	0	0	0	0	0	0	0	0	0	0.016981764994792512
ENSG00000179407	0	0	0	0	0	0	0	0	0	0	0	0	0	0	0	0	0	0	0	0	0	0	0	0	0
ENSG00000163530	0	0	0	0	0	0	0	0	0	0	0	0	0	0	0	0	0	0	0	0	0.04151113648685777	0	0	0	0
ENSG00000198054	0	0	0	0	2.382563591708563	0	0	0	0	0	0	0	0	0	0	0	0	0	0	0	0.1381706420248479	0	0	0	0
ENSG00000136929	0	0.02140289816301579	0.6877056906609801	0.039276327235649694	0.02258109425992034	0.043850063273314324	0	0.07112181761041256	0	0.02078720316890369	0.14754758015409566	0.09068475617937653	0	0	0	0	0.024602051590904478	0.18570887688134358	0.04115685927119442	0.024679111316115596	0.026190648613742835	0.09015087074926645	0	0.04218043572027685	0.025201497047472644
ENSG00000118402	8.708540384819786	6.352931407739425	26.667984493898278	24.630858751101577	4.961275506989415	32.44386573279847	2.495955555627118	10.348425104681338	4.14631639988711	18.071965306589142	9.8934415046394	4.057428015608826	8.103970063602933	4.676797469858601	20.636680255575815	4.473860190642805	5.6021802815510116	6.034726959686171	6.332774382011252	7.48698546500295	6.973788265730068	4.722194166987132	7.574073645150473	24.85635819119348	4.950300037363496
ENSG00000179083	0.23399011186778623	1.2627266791993748	0.8606124686936993	0.5220115470751715	1.4639975929531321	0.985547789045738	0.2073487810249439	0.36888263638455926	0.3958946416801833	2.061972508126071	0.7971613321940691	1.0141887017611908	0.36290981380780923	0.19760922924191426	0.21534556178053113	0.3570366646202908	0.5104070709235149	1.1103595328234293	1.2274263336388866	1.3760155671172978	0.6961863271855359	0.336072633813592	1.4008779518241345	0.4922423164091226	0.4084714694473532
ENSG00000174016	0	0	0.01094163454060962	0	0.06179495457895804	0	0	0.04865762303433968	0.07736393070702707	0.3982008057723573	0	0.03102075305012381	0.019147910119915776	0	0	0	0	0	0.042235878053585287	0.11818860300701552	0	0	0	0	0
ENSG00000147378	0	0.6564620257462306	0.09810726791449596	0.040155647994656776	0.13851984687801883	0.14943927035930504	0.11890200621528753	0.04847606473943543	0.13873546678282542	0	0	0.04635750595736786	0	0.3966093646937232	0.13583644484701038	0	0.05030568758140169	0	0	0	0.3213240770223375	0	0.20082973011861424	0.043124773833417375	0.1030628386717538
ENSG00000177294	0.0150208963360102	0.3527455095739144	0.17971803008260365	0.10298290586189489	0.0338330544208786	0.06570016315454887	0.06534327614291946	0.12432139091070521	0.033885718931690324	1.323674536715699	0.16580192875825922	0	0.16773726322408788	0.2075799428530765	0.08294410393939117	0.12032904336933843	0.07372207394020863	0	0.07708119918186787	0.05546474231537121	0.0392412178819715	0.21949241395002533	0.03678904147080562	0.12639714982754183	0.018879590406035558
ENSG00000176988	0	0	0	0	0	0	0	0	0	0	0.04732576758820276	0	0.16158886046762988	0	0	0.044159385538528065	0.047346529488378065	0	0	0	0.05040377678781765	0.04337372885917297	0	0	0
ENSG00000132446	0	0	0	0.053209956304415405	0	0	0	0	0	0	0	0	0	0	0	0	0	0	0	0	0	0	0	0	0
ENSG00000205777	0	0.014993657006497478	0	0	0	0	0	0	0	0	0	0	0	0	0	0	0	0	0	0	0	0	0	0	0.12358318015225961
ENSG00000236737	0	0	0	0	0	0	0	0	0	0	0	0	0	0	0	0	0	0	0	0	0	0	0	0	0
ENSG00000237671	0	0	0	0	0	0	0	0	0	0	0	0	0	0	0	0	0	0	0	0	0	0	0	0	0
ENSG00000227488	0	0	0	0	0	0	0	0	0	0	0	0	0	0	0	0	0	0	0	0	0	0	0	0	0
ENSG00000216649	0	0	0	0	0	0	0	0	0	0	0	0	0	0	0	0	0	0	0	0	0	0	0	0	0
ENSG00000236362	0	0	0	0	0	0	0	0	0	0	0	0	0	0	0	0	0	0	0	0	0	0	0	0	0
ENSG00000215269	0	0	0	0	0	0	0	0	0	0	0	0	0	0	0	0	0	0	0	0	0	0	0	0	0
ENSG00000224902	0	0	0	0	0	0	0	0	0	0	0	0	0	0	0	0	0	0	0	0	0	0	0	0	0
ENSG00000224659	0	0	0	0	0	0	0	0	0	0	0	0	0	0	0	0	0	0	0	0	0	0	0	0	0
ENSG00000189064	0	0	0	0	0	0	0	0	0	0	0	0	0	0	0	0	0	0	0	0	0	0	0	0	0
ENSG00000155622	0	0	0	0	0	0.05110012689798246	0	0	0	0	0	0	0	0	0	0	0	0	0	0	0	0	0	0	0
ENSG00000171405	0	0	0	0	0	0	0	0	0	0	0	0	0	0	0	0	0.03816539071993108	0	0	0	0	0	0	0	0
ENSG00000026103	0.2521399364885814	3.7259613980970703	2.671069156319132	1.0032432959009268	1.1003445802438918	2.199934667158194	0.9368915340936388	2.4781367537790415	0.8620932698664585	1.7481225457322864	0.7730950058510283	0.4810941744102027	0.49493468646279243	2.2648765482238287	1.6185431104897272	0.8926956745625606	1.3245060059080276	1.7758092292963472	1.0270178479161156	0.7855549609894149	1.677628896933643	4.578914323628393	3.415761591217851	3.456043187183501	1.9509880353223068
ENSG00000186281	0.11598647786549747	0.9491982000234026	0.40706576468956235	0.477120310163114	0.17416523088580363	0.2987523428829794	0.37001032476002915	0.19199387216998073	0.13954906909799564	0.024049375094776684	0.07586776816743553	0.05245803629799262	0.043173753711618676	0.23508684168434626	0.11955391533332933	0.2831670098712651	0.1518021029901833	0.1591499953569103	0.19046270694396517	0.2284163772199524	0.525213738843924	0.6084073543177095	1.0416010633175137	0.9353311256480813	0.34987694141628456
ENSG00000092978	3.9074310763289626	3.698660952721574	4.056476416771839	3.953630355844466	3.370393698437137	4.319807402049737	4.188212551469289	3.2563457907446933	5.5176574921739565	4.489038963982845	5.158107193008331	3.8222788759962536	2.9422417493796065	3.373182289095781	3.2007886722733168	3.0152354109312562	4.483300232907819	4.10302045036851	4.27048152540988	4.687026896931665	3.6364149967584676	3.8724188756050704	5.332925470024526	4.5492465861326075	4.7300025920983435
ENSG00000134627	0.3029091647519211	0.7926971122216822	0.7014516976723411	0.35409818187195785	1.595636949660534	0.5342337633120554	0.8359619930085044	0.6585330057444336	0.9147863415198364	1.3169233915097367	1.0186403266011228	0.32040065478049173	0.6546899495691612	1.2423045792909153	0.3992749924716037	0.3242838291958916	0.5754845398373957	2.7250880774561113	0.5615925732834213	0.33675080838993127	0.8551497149863779	1.5706053435739251	0.5025654606970035	1.4286207868763574	0.7491646450003696
ENSG00000143452	0	0.15560581351021763	0.05813764024562724	0.0356939093285838	0.020521458796743528	0.07970094419162936	0.07926800414352503	0.19390425895774174	0.14387381740441155	0.11334713767720621	0	0.041206671962104764	0.5087056718425386	0.3777232044702126	0	0.020853043170971586	0.08943233347804747	0.07500900278678924	0.03740291688327453	0	0.07140535044940834	0.2867485407911991	0.06694324337287143	0.076666264592742	0.09161141215267006
ENSG00000176635	0	0	0	0	0	0	0	0	0	0	0.023590393559283565	0	0	0.1063245361554664	0	0	0	0	0.05922264913946926	0	0	0.021620427645775934	0	0	0.024175790603089733
ENSG00000144847	0.035885807453901485	0.16280008106687494	7.163105545046201	7.9433265164004805	12.154685367860319	7.514534950035767	0.23416341211779834	0.3924790022096279	0.22262619912949275	0.33483563512237763	2.0245652312849933	1.7041848117775307	0.25045888558567114	0.17357225513438307	0.06935542506171095	0.2566724848355964	0.1541105856749697	14.772134290405031	8.351271975798078	11.704921152321068	0.1523430746881437	0.22185321448319176	0.06591839273948392	4.454061147852186	0.2931789589160157
ENSG00000123496	7.757674015326321	6.809333366854874	0.30184376319408684	0.3441630445593708	0.09132427789251918	0.059113984437333955	2.9788389453788153	33.33388319858783	45.184418003227115	32.73097271611605	0.3978158618668853	0.03056288215639505	14.262154810056234	27.940924155319813	36.26983449863348	49.67887419814505	39.334716325641736	4.812339582850594	1.1928908141038443	2.628310177361074	23.867831236565333	13.793859431396985	5.594083724804598	0.4833369485487074	18.41389384268668
ENSG00000230589	0	0	0	0	0	0	0	0	0	0	0	0	0	0	0	0	0	0	0	0	0	0	0	0	0
ENSG00000117139	5.927464441007226	4.635177148575979	4.229536093522315	4.546898579469679	3.961967666378833	4.717371456099374	5.265096781263412	4.207564330445414	10.538553852638827	6.917457589813865	5.269386559891233	5.738135401446152	3.60968751337274	4.868983934796784	3.9456489257267915	4.765327810870179	4.619775006511553	4.092700743685191	3.7663906592873313	3.817331912633194	5.346944141712962	4.063483788320203	5.574837793708296	5.436392228792794	5.00966773325674
ENSG00000007202	30.097392116300533	30.49586566212706	28.5901354988978	31.422525291181053	37.670196279059695	29.24601629057084	29.138925192137627	40.02736716856569	21.54936088351534	39.929082995131765	31.804089736167587	32.432177153103076	50.64423944632859	36.980901958209714	43.31275701185904	29.11504055958419	25.228956208826613	25.319633386100783	28.558901572181977	28.009294343971337	38.735515389004455	34.7509733043613	30.82892983626714	26.950666716962402	36.734042775212366
ENSG00000166796	0.2524718583772093	0.022458187062388994	1.124374726454565	0	0	0.03067475305412638	0.061016252112392644	0	0	0.3708062895576961	0	0	0	0.23260082825776998	0.04647093310228024	0	0.025815077590838974	0.021651713106957352	0	0	0	0	0.07729396984938529	0	0.39666118856912425
ENSG00000186007	0	0.09013477958372837	0	0	0	0	0	0.0499196363118874	0.8095789774736505	7.791227457857989	0.051781027169032615	0	0	0.2917285844323256	0	0.048316561122366444	0.15541123079902774	0	0.21665666551983231	0.10393201153684033	0.055148800923462346	0.04745694252699137	0	0.044408989000406754	0.05306597649189245
ENSG00000188992	0	0	0	0	0	0	0	0	0	0.023744423838580973	0	0	0	0	0	0	0	0	0	0	0	0	0	0	0
ENSG00000258710	0	0.02606759426216453	0	0	0	0	0	0	0	0	0	0	0	0	0	0	0	0	0	0	0	0	0	0	0.015347043069331863
ENSG00000102021	0	0	0	0	0	0	0	0	0	0	0	0	0	0	0	0	0	0	0	0	0	0	0	0	0.09491697857054991
ENSG00000160886	0.08683851356713429	0.023173698579071676	0.05194911889569754	0.010631478056377392	0.024449374471595647	0.01582602102496172	0	0.025668728772869735	0	0.11253531574768309	0.013312928941210903	0	0.0454555969554533	0.36001713773559996	0.15584232282768887	0	0.05327507738924437	0.02234153059048353	0.01114050821467747	0	0.07089392660079562	0.07320722722242234	0	0.09134059283659851	0
ENSG00000143194	0	0.13412845456161862	1.0579462266425528	2.639149602129132	0.28302403275712107	1.5673843878702	0.26318588923383845	0.13206185870565382	1.7795276899835175	0.1592188827219205	0.7363005461141698	0.2683669595194002	0.0779541347194538	0.32800004820196094	0	0.3674852042416835	0.205569366279273	0.0574719551212629	0.6304791554936721	0.48116427450378363	0.32826500371786443	0.17262688973207693	0.13677857095753143	1.380431133940852	0.03509636691744602
ENSG00000198681	0	12.640494113679376	0	0	0	0	0.3352327749751882	0.030371911981691865	0.028974171126278755	0	0	0	0	0.28398780258941053	0.056737451344630874	0	0	0	0	0	0	0.02887356935745062	0.03145667309864911	0.027019145265589378	11.81674777280536
ENSG00000124260	0	0	0	0	0	0	0	0	0	0	0	0	0	0	0	0	0	0	0	0	0	0	0	0	0.019055426536067625
ENSG00000185247	0	0	0	0	0	0	0	0	0	0	0	0	0	0.08759430527662271	0	0	0	0	0	0	0.3311791275530678	0	0	0	0
ENSG00000213401	0	0	0	0	0	0	0	0	0	0	0.027432086149090557	0	0	0	0	0.02559671253352848	0.027444120655095477	0	0	0	0.05843246998608071	0.05028262307440001	0.02739051789912907	0	0.056225630054005125
ENSG00000183305	0	0	0	0	0	0	0	0	0	0	0	0	0	0	0	0	0	0	0	0	0	0	0	0	0
ENSG00000221867	0	13.309826195705188	0	0	0	0	0.07189111712509207	0.02930983722542289	0	0	0	0	0	0.03425712988088561	0	0	0	0	0	0	0	0	0	0	0.6543007964406435
ENSG00000147381	0	0	0	0	0	0	0	0	0	0	0	0	0	0	0	0	0	0	0	0	0	0	0	0	0.049176571093228524
ENSG00000242520	0	0	0	0	0	0	0	0	0	0	0	0	0	0	0	0	0	0	0	0	0	0	0	0	0
ENSG00000197172	0	0.17627808342099532	0	0	0	0	0	0.05578780611988705	0	0	0	0	0	0	0	0.05399628569874768	0	0	0	0	0.030815835620678637	0	0	0	8.243256824906437
ENSG00000156009	0	0	0	0	0	0	0	0	0	0	0	0	0	0	0	0	0	0	0	0	0	0	0	0	0
ENSG00000123584	0	0	0	0	0	0	0	0	0	0	0	0	0	0	0	0	0	0	0	0	0	0	0	0	0
ENSG00000214107	0	0	0	0	0	0	0	0	0	0	0	0	0	0	0	0	0	0	0	0	0	0	0	0	0
ENSG00000099399	0	0.029194245658575365	0	0.053574181269784776	0	0	0	0	0	0	0	0	0	0	0	0	0	0	0	0	0	0	0	0	0
ENSG00000198798	0	0	0	0	0	0	0	0	0	0	0	0	0	0	0	0	0	0	0	0	0	0	0	0	0
ENSG00000120289	0	0	0	0	0	0	0	0	0	0	0	0	0	0	0	0	0	0	0	0	0	0	0	0	0
ENSG00000188408	0	0	0	0	0	0	0	0	0	0	0	0	0	0	0	0	0	0	0	0	0	0	0	0	0
ENSG00000176746	0	0.07221419103129391	0	0	0	0	0	0	0	0	0	0	0	0	0	0	0	0	0	0	0.02945608094475336	0	0	0	0.3117796289423604
ENSG00000155495	0	0.3086523208771751	0	0	0	0	0	0.04884054642920562	0.01164821588276855	0.010706191105788743	0	0	0	0	0	0	0	0	0	0	13.772441188513183	0.01160777189158788	0	0.10862255063304377	31.099405296342074
ENSG00000046774	0	0	0	0	0.09929339742777411	0	0.09588486759989084	0	0	0	0	0	0	0	0.9250139447154488	0.02522444339437486	0	0	0	0	0	0	0	0.1854754565673959	70.20181594388373
ENSG00000165509	0.1431633312024946	0.03395957493545466	0	0	0	0.023192022848378575	0.023066042465216836	0.15046352920933706	0.2511933750122625	0.14842198484116254	0.05852774080669159	0.07194389632471712	0.26644909456768795	0	0	0.03640791902163117	0.0975890283880974	0	0	0	0.8103460617776503	0.0894004291903692	0	0	0.09996685039460738
ENSG00000142945	0.5665671162701028	1.9301351936367503	0.4038381450523191	0.8382684257184083	0.4480049463482167	1.3269354674493379	0.3146370148011778	0.6841427282590207	0.32632895313480825	0.3749222381752898	0.4878863484195769	0.6678735800681895	0.2523994954369589	0.349834261342571	0.2795712238431064	0.3862674502454024	0.8726643247801685	0.19848789327672586	0.3340410805137645	0.34125674056864613	0.645585839883241	1.23303445488876	0.6938154911064359	0.7861341108239859	0.7121116379097153
ENSG00000114487	0	0	0	0	0	0	0	0	0.0661526645277061	0.01216054159227032	0.07192960939813578	1.0477513916513397	0.049119218594243515	0	0.03886220146143452	0	0	0	0.036115226390095345	0	0.030643128775726877	0	0.01436412267728546	0	0
ENSG00000138182	2.769734358911194	3.1340496467703027	0.709201366972455	0.9773409002244858	1.4623846600789279	1.4641960098123985	1.4655178434522296	1.792464402846736	1.832630028591761	2.2149459295070764	2.518294254086902	2.2059452987659722	0.9464546392906819	0.6983398939056912	1.4128624545286481	1.0541181456101323	1.946451590400397	1.823435998323416	2.015446187264929	2.188743725421228	1.788053991693116	1.926927300497783	1.7781512824182821	1.2985508960906305	2.074276500398703
ENSG00000160505	0	0.20232308400472357	0	0.010920054452123813	0	0	0.016167294604615454	0.03954820502334458	0	0	0	0	0	0	0	0	0	0.01147397987834447	0.011442901512234673	0	0	0.012532388932165909	0.013653568663568904	0.023454975925633396	0.07006808920352617
ENSG00000101746	41.3825694057081	12.591945766002155	21.23582475461775	23.034193559769886	42.22002694713997	29.726455963168686	23.194788641017585	18.117516984929132	2.9432167300668173	24.290354691685963	49.17036035397053	30.38724481413265	27.687132010926007	17.175263319255382	32.764500943753596	21.252810323264068	12.306320485590541	22.783045244411515	21.438116759124647	23.987180462295303	4.615514674689028	14.206706793029115	13.339093286622937	28.81855016067954	6.192056139122377
ENSG00000148200	0.5490037471502821	0.26338331381518937	0.06888392406366108	0.13895826764298352	0.2570409921202217	0.04047130050320211	0.4204041179755121	0.6126558144079554	0.285272572446257	0.7162584598987413	0.559845564482703	0.08369725707166037	0.008610512845503179	0.3495092691131534	0.23843665079110316	0.2823721551067142	0.5071095726100484	1.4664181087972257	1.2725181010536204	1.123691028312836	0.6446024057411851	0.3120169084458822	2.115124624294851	0.06488387024480481	2.6593539318069603
ENSG00000269405	0	0.0801968423475737	0.014981622678680865	0	0	0	0	0	0	0	0.04607183699398543	0	0.05243581540530782	0	0	0.04298935053707989	0.11523012198133038	0	0.019276887932149184	0	0.17173902236293595	0.06333676560333079	0	0	0.11803778104286333
ENSG00000269437	0	0	0	0	0	0	0	0	0	0	0	0	0.047246749344790256	0	0	0	0	0	0	0	0	0	0	0	0.021271344446692354
ENSG00000155087	0	0	0.034168613126816	0	0	0	0	0	0	0	0	0	0	0	0	0	0	0	0	0	0	0	0	0	0
ENSG00000136811	6.366143926311212	12.886439585479206	4.809164152781995	3.92559303317826	3.9409290061680595	5.422656263001389	5.702237429932338	4.625191343185351	4.544163426103377	3.043405219903512	8.170346277990161	4.943872470152628	6.87103570801415	10.023224667471412	4.7605011411047995	4.279972130430253	14.719823465864739	6.685868153137814	7.006438657422256	6.61716730609286	6.995512822160431	9.072226341042088	4.5546536697071245	7.137301845969173	10.230901130802923
ENSG00000177947	0	0	0	0	0	0	0	0	0	0	0	0	0	0	0	0	0	0	0	0	0	0	0	0	0.017894940566264995
ENSG00000184650	0	0	0	0	0	0	0	0	0	0	0	0	0	0	0	0	0	0	0	0.04001228698589156	0	0	0	0	0
ENSG00000104147	0.25616819213502157	1.132838826333545	0.029189839357296604	0.07168502023359212	0.4121378735865561	0.5068741146841508	0.10613068331622666	0.3461538144924215	0.24766764428174662	0.5690951208938828	0.13464791661023218	0.1241346704070733	0.05108235139401344	0	0.04041539519178327	0.08375943401895664	0.3143163027567346	0.07532128006733373	0.11267589782155475	0.18017189676911036	0.33461225006600337	0.5347500443112191	0.13444388261062937	0.5004053689779389	0.22998202134912588
ENSG00000155719	0.052454619296179894	0.08087746798213737	0.027893115290900324	0.028541874187953897	0.045946732571836325	0.02124372070351081	0.05915930610260692	0.03445586885073252	0.019722108525552163	0.0060423749298815655	0.042888780758225394	0.03295003738648611	0.16271026130277189	0.05638048520775378	0.02574665939548161	0	0.014302532048073894	0.0419855457847815	0.04187182393961061	0.07891032118474728	0.05329124948007825	0.045858472376897774	0.021411895374004227	0.006130454521870232	0.04395306844826419
ENSG00000068985	0	0	0	0	0	0	0	0	0	0	0	0	0	0	0	0	0	0	0	0	0	0	0	0	0
ENSG00000234068	0	0	0	0	0	0	0	0	0.1523035539080275	2.5197538808978925	0	0	0.1884789678163138	0	0	0	0.08283824437367529	0.06947838506979094	0	0	0	0	0	0	0.084856653652934
ENSG00000238269	0	0.17375982508640966	0	0	0	0	0	0	0.3672207910893552	0	0	0	0	0	1.2584156569530442	0	0.29959831715145896	0	0	0	0.2126292657826826	0	0	0	0
ENSG00000204279	0	0	0	0	0	0	0	0	0	0	0	0	0	0	0	0	0	0	0	0	0	0	0	0	0
ENSG00000101951	0	0	0	0	0	0	0.05687771113912906	0	0	0	0	0	0	0	0	0	0.02406412185955494	0	0	0	0	0.022044925109593043	0	0	0
ENSG00000158639	0	0	0	0	0	0	0	0	0	0	0	0	0	0	1.8718454775726323	0	0	0	0	0	0	0	0.2862891897435565	0	0
ENSG00000166049	0	0	0	0	0	0	0	0	0	0	0	0	0	0	0	0	0	0	0	0	0	0	0.012299444166313669	0	0
ENSG00000168078	0.613842774848685	3.9969613396273282	0.04896228640797936	0.020040435125824985	0.5300039330577951	1.9987571981911967	0.38571190843022507	2.1289748804745723	1.061657873680119	3.4577209233876225	0.42661491518173655	0.23135589565315803	0.3427368939900008	1.6400361704706659	0.20337523586032838	0.1404959221463225	1.4561482453730128	0.29479795229333083	0.1259997702827628	0.025184642460393567	0.3207257081638229	2.414935336551579	0.8018229820750632	1.0976339082963662	0.7715318649170396
ENSG00000131721	0	0	0	0	0	0	0	0	0	0	0	0	0	0	0	0	0	0	0	0	0	0	0	0	0
ENSG00000197181	0	0.09813174712915589	0.1772098509630963	0.11255060480287277	0.043139061022960945	0.18429714583338938	0.14441505652921796	0.18116207565164646	0.216031056288404	0.1985600023803246	0.1315420411297684	0.008662235730573183	0.106937256447987	0.042348189840550936	0.09306741953610752	0.07890497841301222	0.12219976680049051	0.1497957373066488	0.15725263294833217	0.1508708021751449	0.21014605839076353	0.39611698620315644	0.02814486718064596	0.4270833449746282	0.182951359427077
ENSG00000170965	0	0.22176280197477705	0	0.022608642148252138	0	0	0	0.08187973960190355	0	0	0	0	0	0	0	0	0.02832337031894045	0	0	0	0.03015225932842663	0.05189356845651052	0	0	0.05802697639502105
ENSG00000188877	0	0	0	0	0	0	0	0	0	0.02009063022320851	0	0.04382296859461936	0	0	0	0	0	0	0	0	0	0	0	0	0
ENSG00000233917	0	0	0	0	0	0	0	0	0	0	0	0	0	0	0	0	0	0	0	0	0	0	0	0	0
ENSG00000183206	0	0.006577197921397815	0	0	0	0	0	0	0	0.006387992337899466	0	0	0	0	0	0	0	0	0	0	0	0	0	0	0.27105829994141334
ENSG00000166351	0	0	0	0	0	0	0	0	0	0	0	0	0	0.034931928844750645	0	0	0	0	0	0	0	0	0	0	0
ENSG00000188219	0.03719157408856852	0.6947452282913354	0.05191431763841602	0.0273197723610781	0.020942567640256142	0.0067780367177988155	1.9010234867202391	0.12092865568170566	0.02097516682761284	0.019278844656753495	0.09122750037311265	0.05256531244584128	0.5061659100791613	1.1949701478589692	0.770132583435557	0.6490691660316038	0.5247882517482717	0.009568527328206877	0.009542610061609707	0.04577669727516428	0.6679806636075389	0.1672187084259717	0.3301985746735498	0.009779936016378978	0.3155331925656063
ENSG00000187537	0	0.1121924737504917	0	0	0	0	0.02540114600693269	0.041423946911657863	0.03951758214193938	0	0	0	0.19561547715969757	0	0.019345910572073223	0.02004684740071083	0.021493701509470952	0	0	0	0	0.09845093098963335	0	0	0.6605222980636912
ENSG00000198062	0	0.26598211341181766	0	0	0	0	0	0.13597821561450008	0	0.019871587154922325	0	0	0.24079770441251255	0.5297679134654181	0	0.02193525518028062	0	0	0	0	0	0.06463498975656085	0	0	1.0118406559871442
ENSG00000185686	0	0	0	0.04524104534973417	0	0.016836457995289017	0.016745001400786684	0	0	0	0	0	0	0	0	0.013215328462528498	0	0	0	0	0	0	0	0	0
ENSG00000175646	0	0	0	0	0	0	0	0	0	0	0	0	0	0	0	0	0	0	0	0	0	0	0	0	0
ENSG00000122304	0	0	0	0	0	0	0	0	0	0	0	0	0	0	0	0	0	0	0	0	0	0	0	0	0
ENSG00000103023	0	0	0	0	0	0	0	0	0	0	0	0	0	0	0	0	0	0	0	0	0	0	0	0	0
ENSG00000184647	0	0	0	0.013665668142943514	0	0	0.020232214390918768	0.016497251238309456	0	0.07232626880355061	0.017112396597766016	0	0	0	0	0.047902419169889014	0	0.014358866247756796	0	0	0	0	0.06834586371020777	0	0
ENSG00000204179	3.345592973580534	0.010411707228879406	3.9522757458059288	4.661976269270476	2.065152822933008	0.17065128929446072	1.9801168545040337	0.04613079573961366	0.07701368122047063	5.844848540196387	4.450134561309857	0.16543024762416228	0.1225364261468911	0.31002474465437957	2.1544114347683845	0.290221048233016	0	0.8632527444556848	0.030031902637302984	0.06002731025846137	2.5991167242144155	0.06578252619254063	0.23889200031863567	0.6053163993377679	3.9230665976429675
ENSG00000151962	0.021828230781805735	0.3844549395380954	0	0	0	0.007956240269440031	0.15826043042312915	0.46456128393948154	0.06155302557370616	0.06789006607336015	0.026771318243338935	0.03702153939878198	1.2492406580544404	0.06033065932834386	0	0.06245038506131545	0.066957657173159435	0	0	0	0.1995874409383015	0.2821608082750818	0	0	0.013717825062840834
ENSG00000132554	0.6907298865184007	2.7280538309181717	4.302925461291282	1.6101133752577008	4.994116145307644	4.184355935650493	0.8012758174621293	2.3030816085164685	0.046746635357909426	0.7805508217412888	0.6099468094253233	0.4217418363759407	4.107348595680264	0.4486375750595754	4.538840063974912	0.8616111698874426	0.1017023990330271	3.5612831634287896	4.955278094467881	4.786483193269368	3.690185418887575	4.782657415855473	0.05921052549151663	3.545516530585986	2.309333221195029
ENSG00000065371	0	0	0	0	0	0	0	0	0.0768091296103233	0.020170672574695393	0	0	0	0	0	0	0	0	0	0	0	0.021869268335811428	0	0	0
ENSG00000144580	10.42063394208243	8.559864327143892	10.04185111707157	12.542106828525101	14.824059302421762	12.878913094207679	14.48387849278422	9.658331177323372	9.166980723676984	12.379976254593007	15.92967083177748	15.897968781549784	9.418816802355575	10.03685327617321	9.305810943483902	9.310132687783591	8.595395848849005	8.355100930380777	8.605386466454934	8.530265534525954	9.845108885899252	8.920317016056174	9.54535467501186	12.2807353671658	8.930164058705111
ENSG00000181433	0	0.23302228198674144	0	0	0	0.010609198531468543	0	0	0	0	0	0	0	0	0	0	0	0	0	0	0.05702970373641487	0	0	0	0
ENSG00000124233	0	0	0	0	0	0	0	0	0.0916919977750856	0	0	0	0	0	0	0	0	0	0	0	0.0707890280657513	0	0	0	0
ENSG00000205359	0	0	0	0	0	0	0	0	0	0	0	0	0.04145263785419604	0	0.26237237635314437	0	0	0	0	0	0.01939523708152848	0	0	0	0.01866273024596623
ENSG00000064199	1.6612662962662028	2.0370215586792124	3.988846148281152	3.2541719933332245	3.031845652879927	3.1673362237192966	1.4082938917966523	1.23897266762609	1.393360532191147	3.62122024267438	1.2538255309082291	1.9650766161668665	2.3426887173423916	2.2015866774835247	3.706982460240491	0.9067011498235438	4.808439748040474	1.753457208002865	1.3639920858212322	1.4260785486857634	1.146194976045048	2.949413562423762	0.9493769060152674	2.8495954449925667	1.7346680379038044
ENSG00000141316	0	0	0	0	0.03953495097264009	0	0	0	0	0	0	0	0.049001520786110336	0	0	0	0	0	0.03602868830769096	0	0	0	0	0	0
ENSG00000104450	1.9124310501219315	5.2705314033330275	3.966100142990657	3.2693813658434476	2.6334843884836845	3.2381976577794473	1.6134550716808638	4.183208257530585	1.6276538624035697	2.9830294370261887	8.166634048803326	1.6807529928910239	3.7979667641569965	1.9701372962272292	9.446650987208544	2.3775933723662277	7.882232624107412	4.347703389772722	2.167963610755274	1.9687058166349427	2.0211555604263696	4.201572623290574	1.6500132494318112	2.706488970456751	2.349082580801604
ENSG00000155761	0	0.30551178037170934	0.010701159056200619	0.017520087362748096	0.03021841185454542	0.11410177907775998	0.11672431379376212	0.40185611990753806	0.2572563234279823	1.95651829712169	0.07678639498997572	0.020225985505208932	0.024969435907289436	0.29046407103216104	0.01975534783285784	0.05629557808427128	8.680669189260222	0.5476618857317497	0.041307616997462535	0.04403468620669548	0.5374146278023846	0.08042763886137243	0.005476431387035879	0.09878153322526374	1.5288703068408966
ENSG00000061656	1.6846690124041426	3.6764855665642386	1.6423635764448272	4.968355029907893	0.822151868011955	1.555594067467628	0.4342860329226175	1.659912949340123	0.16890905211946491	5.511335610873627	1.2856161668849766	1.6296993065353376	2.821886556479854	1.9918303358042526	4.6099541679936	1.7137151662140875	48.07098381756416	1.5988609797598017	2.939314913742781	2.165707635631596	30.881050223404	3.8503790128702886	3.369628640439918	1.6538754830287767	36.02002317694205
ENSG00000077327	0	0.01210401258341863	2.8219254605911575	0.01110599965177298	7.662191736493095	0.024798590994609133	0	0.06703604411851753	2.6092003577401552	10.81535227000463	2.6979838908397347	1.4616248937146572	5.634820906248404	0.7835125293964162	0.18784400009803295	0.025953323079661233	22.4977002554447	2.975686097396968	0.9077444750711735	1.1165451394205448	1.1256843482612608	0.03823736623111301	2.5411489380643233	0.023854364060590005	0.02850447963264192
ENSG00000137098	4.65023111373981	5.239605599960509	2.61446377840815	1.1070094876998695	4.382424624128082	1.8479961027591827	2.4115877880725916	2.5773167116425775	2.5133443563536693	1.1717812102265182	1.8416886786611146	3.7791756068933715	2.8849330327328797	2.8561535943011402	2.6569781609751746	2.513029190837675	12.897476415800133	2.6586585557933233	4.772623187080814	4.849218710213738	2.2778359258717944	8.475771579231916	2.1354943822752284	3.1419930737117316	7.001609157671093
ENSG00000008294	26.57784292382117	27.89973484330776	19.42695533667548	18.656275130896788	17.311392262682975	23.575986885352933	18.875509658571012	25.796428875146937	13.04207686755425	14.32919623849987	22.537352378628082	16.728434935986105	26.983498652801106	21.826252089159606	14.63143697798525	12.694181112127534	21.929815646550217	18.007501440212867	26.579970594553426	28.183041888576373	18.15949174048241	23.301747447004445	14.32594359306759	23.44326999915606	26.374371266071122
ENSG00000198021	0	0	0	0	0	0	0	0	0	0	0	0	0	0	0	0	0	0	0	0	0	0	0	0	0
ENSG00000203926	0	0	0	0	0	0	0	0	0	0	0	0	0	0	0	0	0	0	0	0	0	0	0	0	0
ENSG00000227234	0	0	0	0	0	0	0	0	0	0	0	0	0	0	0	0	0	0	0	0	0	0	0	0	0
ENSG00000198573	0	0	0	0	0	0	0	0	0	0	0	0	0	0	0	0	0	0	0	0	0	0	0	0	0
ENSG00000196406	0	0	0	0	0	0	0	0	0	0	0	0	0	0	0	0	0	0	0	0	0	0	0	0	0
ENSG00000189252	0	0	0	0	0	0	0	0	0	0	0	0	0	0	0	0	0	0	0	0	0	0	0	0	0
ENSG00000203923	0	0	0	0	0	0	0	0	0	0	0	0	0	0	0	0	0	0	0	0	0	0	0	0	0
ENSG00000189326	0	0	0	0	0	0	0	0	0	0	0	0	0	0	0	0	0	0	0	0	0	0	0	0	0
ENSG00000204363	0	0	0	0	0	0	0	0	0	0	0	0	0	0	0	0	0	0	0	0	0	0	0	0	0
ENSG00000166118	0	0	0	0	0	0	0	0	0	0	0	0	0	0	0	0	0	0	0	0	0	0	0	0	0
ENSG00000152582	2.126756036705609	6.5518435161764055	0.8145213073446381	0.5200828164066327	1.0304366106296439	0.6789098272144963	1.1688052477132997	2.3632772359414678	2.3005904765179768	2.0467796329629335	1.7901220827551512	3.0974856173863774	4.051982508662206	4.783014858449055	1.575859861441996	2.2001278395686943	18.38687218532876	1.367561908057729	1.3135515085364107	1.3138706261419302	3.7419589004283247	5.29226944411177	1.1471434001917773	0.5298949904983478	7.276568459024513
ENSG00000101448	0	0	0	0	0	0	0	0	0	0	0	0	0	0	0	0	0	0	0	0	0	0.00791963404466143	0	0	0
ENSG00000054796	0	0	0	0	0	0	0	0	0	0	0	0	0	0	0	0	0	0	0	0	0	0	0	0	0
ENSG00000126752	0	0	0	0	0	0	0	0	0	0	0	0	0	0	0	0	0	0	0	0	0	0	0	0	0
ENSG00000241476	0	0	0	0	0	0	0	0	0	0	0	0	0	0	0	0	0	0	0	0	0	0	0	0	0
ENSG00000165584	0	0.04451153014547496	0	0	0	0	0	0	0	0	0	0	0	0	0	0	0	0	0	0	0	0	0	0	0
ENSG00000165583	0	0	0	0	0	0.021134419238149738	0	0	0	0	0	0	0	0	0	0	0	0	0	0	0	0	0	0	0
ENSG00000171483	0	0	0	0	0	0	0	0	0	0	0	0.026589216900106124	0.03282498877699847	0	0	0	0	0	0	0	0	0	0	0	0
ENSG00000187754	0	0.07002261607959792	0	0	0	0	0	0	0	0	0	0	0	0	0	0	0	0	0	0	0	0	0	0	0
ENSG00000204648	0	0	0	0	0	0	0	0	0	0	0	0	0	0	0	0	0	0	0	0	0	0	0	0	0
ENSG00000171772	0	0.11682059953518578	0.06983465551416977	0.04287535323732278	0	0.01595606552043576	0	0.012939826045984757	0.0123443244016591	0	0.10737858422900985	0.1608660864098303	0.015276370523956709	0	1.8733884193043862	0.05009715152229429	0	0.01126255694233912	0.06739230741219485	0	0.18583882542261354	0.024602926877787857	0	0	0.0687769939343377
ENSG00000198765	0	0	0	0	0	0	0	0	0	0	0	0	0	0	0	0	0	0	0	0	0	0	0	0	0
ENSG00000102387	0	0.034598195260568294	0.01292662133779986	0	0	0	0	0.057484890929949975	0	0.18481601873473663	0	0.10994523536791669	0	0	0	0	0.019884844058725152	0.0667115467263037	0.033265426077602564	0.07978851328160086	0.1270130569940803	0.218595916684062	0.039692011557366236	0.034092741555621996	0.10184675797946172
ENSG00000095627	0.06689671640664512	0.062482128883811695	0.13339801015263783	0.10647053090820717	0.0565042906595267	0.036575090827665524	0.08487829667423112	0.029661153767508434	0.056592245202126655	0.026007733645112382	0	0.009454955552948695	0	0.034667746163704445	0.07387958847082451	0.00956954720859655	0.01026021634080339	1.1101075532298275	0.10298611361011206	0.12350824658658764	0.16384104383939582	0.18798583398248864	11.110591499979195	0.08795615972112523	0.06306128028317357
ENSG00000132972	0.10172064355156774	0	0	0.007663673606956039	0	0.011408146542650882	0	0	0	0.04056039642712915	0	0.017694586571585666	0	0	0	0	0.10560880682924849	0	0	0	0	0.008795206902367458	0	0	0.019669461110222553
ENSG00000180113	1.1181022913624759	1.1675599351840933	0.6126540799426932	0.4666067642657518	0.12592063358125694	0.6485211437231949	1.5578648432958855	0.8391865772036852	1.4037330538710446	1.4111662224252106	0.715461333254679	0.12642303582400863	0.8685751261031853	0.8128840664457507	1.1435442418090536	1.9638349369892008	0.674021653673341	0.7053965760359673	0.27440941011697817	0.5385128946403367	1.6573370600271697	1.0054299966143163	0.4941108856054037	0.8079086044473953	1.8085983555254697
ENSG00000153060	0	0.4531577256514888	0.05975624500246572	0.048916880284400076	0	0.01820442020740625	0	0.11810532136516996	0.22534003089574067	0.20711613339198587	0.03062730072895622	0	0.20914740008253457	0.13804066199729587	0.027578914559847564	0.08573444340065363	0	0.25699107204791993	0.10251799491188428	0.06147342273286976	0.09785778709316642	0.05613940587567956	0	0	0
ENSG00000131126	0	0	0	0	0	0	0	0	0	0.7703630759852198	0	0	0	0	0	0.03149501573474231	0	0	0	0	0.035948592211223734	0	0	0	0
ENSG00000121101	0.14031350714475482	0.09691393061157497	0.07241820990596158	0.5416223965386344	0.027886061193095998	0.03610116007327887	0.155588578273826	0.19517874704478794	0.1675768117083818	0.08556910675349651	0.22270217544134924	0.20531369399034058	0.24194328347575828	0.6843706059584247	0.06380699105677408	0.5289506567491971	0.14178173882097211	0.07644579495284604	0.2626000846193618	0.2336567279085979	0.10781202208699399	0.1484399689632992	0.04042994754688347	0.27781262752705155	0.7054336796071518
ENSG00000133863	0.02962415885359565	0.023716481307606677	0.01181464220005501	0	0.029192375964632044	0.005398901266329936	0	0.43783251664567174	0.4970428855716987	0.08829788819306163	0.4042008919187549	0.47731553526312337	0.010337838743653238	0.1484033066884738	0.008179103483921427	0.08475446984309287	0.2998759800959923	0.07621607326722371	0	0.013673421182473349	0.004836961981744402	0.004162328517195889	0.43079660702838646	0.01947500107398409	0.02792569628177271
ENSG00000183434	0	0	0	0	0	0	0	0	0	0	0	0	0	0	0	0	0	0	0	0	0	0	0	0	0
ENSG00000105549	0	0	0	0	0	0	0	0	0.02376548743866872	0	0	0	0.26469277862794405	0	0	0	0	0	0	0	0.02752152529306055	0	0	0	0.02648211003262706
ENSG00000241697	0	0	0	0	0	0.012442632840790292	0	0	0.019252352154199202	0.017695358969412385	0	0	0.0476504108925904	0	0	0	0.020942794985344706	0.01756521502152773	0	0	0.02229510748012594	0	0	0	0
ENSG00000144339	0.705499899563113	0.20829815097448698	0.005986509062177805	0	0	0.005471273832827015	0.26119457103030375	0.07986630338218462	0	0.0077810022790705076	0	0.04243105053474927	0.10476418036921131	0.6223144598238749	0.07459870331762046	1.434373155983613	0	0.11585663084127537	0.007702854808953054	0.027713428281211778	0.03921441377139638	0.14341624178623058	0.018381956172058955	0	0
ENSG00000144868	0.4077294396973045	0.6974778897081739	4.611446093878833	2.1349355838681556	8.9187802457046	4.241231524248806	0.3259340436786331	0.9456291905688918	1.8749748526957681	3.977772742642469	3.2119325274458177	6.536981743963603	1.1236780708525647	1.1702590850579508	0.5080188257646516	0.3589263091939829	0.42972831884474255	4.33045850234887	14.104271621583168	14.508546630721547	0.4847886566429621	0.40542158953035956	1.0434164998217823	0.9127188098482741	0.6964341391501385
ENSG00000186452	0.03952440888414196	0	0.021017384333401213	0.025807466816709874	0	0.04802125234567597	0.019104159272000636	0	0	0.16390485376344208	0	0	0	0	0	0	0.01616537682471901	0.02711656395709467	0.013521558081903202	0.032432021585686685	0.0172092031658646	0.014808955986390293	0	0.027715681984066803	0
ENSG00000179636	0.017758037446127615	0	0	0	0	0	0	0	0.14021157477957197	0	0	0	0.07436352002934563	0	0.0196116725758916	0	0	0	0	0	0	0	0.021746411180520654	0	0
ENSG00000135951	3.2121580886875107	1.863883357638762	3.075508759738204	2.9709625785747096	3.1544334305546218	3.8925616935961167	5.772559392728308	1.8320337307356533	3.663494197206686	7.976288027931095	4.677775124216446	1.9473798244935894	4.325688148147698	1.152990478513007	4.797945835507366	3.2054025573342684	3.685363977217676	3.2443249860270558	2.0183881845702505	2.0758428742228996	2.1874145620246956	2.505301866007276	3.816826887097688	4.105829314558962	3.168438140524664
ENSG00000258992	0	0	0	0	0	0	0	0	0	0	0	0	0	0	0	0	0	0	0	0	0	0	0	0	0
ENSG00000168757	0	0	0	0	0	0	0	0	0	0	0	0	0	0	0	0	0	0	0	0	0	0	0	0	0
ENSG00000228927	0	0	0	0	0	0	0	0	0	0	0	0	0	0	0	0	0	0	0	0	0	0	0	0	0
ENSG00000178093	1.0348208871484437	0.5829875099367441	0.8712661141846322	0.4223040024552525	0.8740611397508996	1.194419512888813	0.541863426624018	0.611768571100161	2.3668809000559814	0.4768141200391042	0.35254446882251766	0.7800431087450361	0.6018630218202434	1.2711658083204225	0.7936378290603615	1.315828387923701	0.9170177398749694	0.325398767485136	0.8555458568186026	0.9198900667940223	0.26283146653320477	0.9693134827455465	0.45761332879872607	0.5744704993061119	1.5535593889513288
ENSG00000112742	0.2207635469798678	1.1987492628258751	0.1531207559210012	0.12221207915560972	0.31348220133536064	0.965601568022457	0.23660953933909148	0.5787908738664368	1.05017607759666	0.915490399618649	0.3767044282714161	0.15194004136452868	0.08038860540407532	0.5438422237237864	0.25440780760165127	0.08787515200416417	0.6359676005049534	0.2271893120004324	0.25612707180431454	0.14176880193472477	0.8525602358091402	0.59339315230026	0.4466586528779139	0.46441774345347847	0.5308220107522695
ENSG00000104804	0.17588274082369612	0.12516270192973927	0.0155878155038298	0.038280884526698145	0	0.04273870106496443	0	0	0	0	0	0.022096596881413227	0	0	0.02158243202549209	0.06709320604052929	0.14387113495934892	0	0	0	0	0.02196650830173322	0.023931688604619215	0.020555694775199387	0
ENSG00000259849	0	0	0	0	0	0	0	0	0	0	0	0	0	0	0	0	0	0	0	0	0	0	0	0	0
ENSG00000184937	0	0.0922958864346846	0.05603602138023755	0.01587858895251644	0.006086039421830247	0.00787895722735399	0	0.044726962966276096	0	0.011205102507374129	0	0.0061103217000243884	0.007543330139457783	0.014936159173444041	0	0.018553131733081325	0	0.03892942343084192	0.06655539322940478	0.026605981559043597	0	0.0971895776133737	0.006617775442246235	0.04547375635010297	0.03396144198208536
ENSG00000132475	40.97043264419144	47.19049439378054	47.18463772323814	52.1699245957161	49.72370208714494	39.80684057142676	37.69445590190705	47.323766394549935	40.2724587984618	27.678062742758172	82.00726897760192	32.560351357439366	45.487343251077235	53.83630826261672	47.80297232256747	24.238592862651046	41.94474124605966	42.922452779394476	58.329964734605326	55.06671753484742	76.40926605468725	44.40925365482189	49.04907650559152	47.13415450180862	51.64836054180377
ENSG00000204382	0	0	0	0	0	0	0	0	0	0	0	0	0	0	0	0	0	0	0	0	0	0	0	0	0
ENSG00000171402	0	0	0	0	0	0	0	0	0	0	0	0	0	0	0	0	0	0	0	0	0	0	0	0	0
